Merged cells: [(76, 77, 10, 24), (77, 78, 10, 24), (78, 79, 10, 24), (68, 69, 10, 24), (69, 70, 10, 24), (70, 71, 10, 24), (71, 72, 10, 24), (72, 73, 10, 24), (73, 74, 10, 24), (62, 63, 10, 24), (63, 64, 10, 24), (64, 65, 10, 24), (65, 66, 10, 24), (66, 67, 10, 24), (67, 68, 10, 24), (86, 87, 42, 48), (86, 87, 48, 55), (85, 86, 36, 42), (85, 86, 42, 48), (85, 86, 48, 55), (86, 87, 0, 5), (86, 87, 5, 10), (86, 87, 10, 15), (86, 87, 15, 24), (86, 87, 24, 30), (86, 87, 30, 36), (86, 87, 36, 42), (85, 86, 0, 5), (85, 86, 5, 10), (85, 86, 10, 15), (85, 86, 15, 24), (85, 86, 24, 30), (85, 86, 30, 36), (83, 84, 48, 55), (84, 85, 0, 5), (84, 85, 5, 10), (84, 85, 10, 15), (84, 85, 15, 24), (84, 85, 24, 30), (84, 85, 30, 36), (84, 85, 36, 42), (84, 85, 42, 48), (84, 85, 48, 55), (82, 83, 42, 48), (82, 83, 48, 55), (83, 84, 0, 5), (83, 84, 5, 10), (83, 84, 10, 15), (83, 84, 15, 24), (83, 84, 24, 30), (83, 84, 30, 36), (83, 84, 36, 42), (83, 84, 42, 48), (81, 82, 36, 42), (81, 82, 42, 48), (81, 82, 48, 55), (82, 83, 0, 5), (82, 83, 5, 10), (82, 83, 10, 15), (82, 83, 15, 24), (82, 83, 24, 30), (82, 83, 30, 36), (82, 83, 36, 42), (81, 82, 0, 5), (81, 82, 5, 10), (81, 82, 10, 15), (81, 82, 15, 24), (81, 82, 24, 30), (81, 82, 30, 36), (79, 80, 48, 55), (80, 81, 0, 5), (80, 81, 5, 10), (80, 81, 10, 15), (80, 81, 15, 24), (80, 81, 24, 30), (80, 81, 30, 36), (80, 81, 36, 42), (80, 81, 42, 48), (80, 81, 48, 55), (78, 79, 42, 48), (78, 79, 48, 55), (79, 80, 0, 5), (79, 80, 5, 10), (79, 80, 10, 15), (79, 80, 15, 24), (79, 80, 24, 30), (79, 80, 30, 36), (79, 80, 36, 42), (79, 80, 42, 48), (77, 78, 36, 42), (77, 78, 42, 48), (77, 78, 48, 55), (78, 79, 0, 5), (78, 79, 5, 10), (78, 79, 24, 30), (78, 79, 30, 36), (78, 79, 36, 42), (77, 78, 0, 5), (77, 78, 5, 10), (77, 78, 24, 30), (77, 78, 30, 36), (75, 76, 48, 55), (76, 77, 0, 5), (76, 77, 5, 10), (76, 77, 24, 30), (76, 77, 30, 36), (76, 77, 36, 42), (76, 77, 42, 48), (76, 77, 48, 55), (74, 75, 42, 48), (74, 75, 48, 55), (75, 76, 0, 5), (75, 76, 5, 10), (75, 76, 24, 30), (75, 76, 30, 36), (75, 76, 36, 42), (75, 76, 42, 48), (74, 75, 10, 24), (75, 76, 10, 24), (73, 74, 36, 42), (73, 74, 42, 48), (73, 74, 48, 55), (74, 75, 0, 5), (74, 75, 5, 10), (74, 75, 24, 30), (74, 75, 30, 36), (74, 75, 36, 42), (73, 74, 0, 5), (73, 74, 5, 10), (73, 74, 24, 30), (73, 74, 30, 36), (71, 72, 48, 55), (72, 73, 0, 5), (72, 73, 5, 10), (72, 73, 24, 30), (72, 73, 30, 36), (72, 73, 36, 42), (72, 73, 42, 48), (72, 73, 48, 55), (70, 71, 42, 48), (70, 71, 48, 55), (71, 72, 0, 5), (71, 72, 5, 10), (71, 72, 24, 30), (71, 72, 30, 36), (71, 72, 36, 42), (71, 72, 42, 48), (69, 70, 36, 42), (69, 70, 42, 48), (69, 70, 48, 55), (70, 71, 0, 5), (70, 71, 5, 10), (70, 71, 24, 30), (70, 71, 30, 36), (70, 71, 36, 42), (69, 70, 0, 5), (69, 70, 5, 10), (69, 70, 24, 30), (69, 70, 30, 36), (67, 68, 48, 55), (68, 69, 0, 5), (68, 69, 5, 10), (68, 69, 24, 30), (68, 69, 30, 36), (68, 69, 36, 42), (68, 69, 42, 48), (68, 69, 48, 55), (65, 66, 0, 5), (65, 66, 5, 10), (66, 67, 42, 48), (66, 67, 48, 55), (67, 68, 0, 5), (67, 68, 5, 10), (67, 68, 24, 30), (67, 68, 30, 36), (67, 68, 36, 42), (67, 68, 42, 48), (64, 65, 42, 48), (64, 65, 48, 55), (65, 66, 36, 42), (65, 66, 42, 48), (65, 66, 48, 55), (66, 67, 0, 5), (66, 67, 5, 10), (66, 67, 24, 30), (66, 67, 30, 36), (66, 67, 36, 42), (89, 90, 48, 55), (62, 63, 0, 5), (62, 63, 5, 10), (62, 63, 24, 30), (62, 63, 30, 36), (62, 63, 36, 42), (65, 66, 24, 30), (65, 66, 30, 36), (63, 64, 48, 55), (64, 65, 0, 5), (87, 88, 0, 5), (87, 88, 36, 42), (63, 64, 0, 5), (63, 64, 5, 10), (63, 64, 30, 36), (64, 65, 5, 10), (64, 65, 30, 36), (64, 65, 36, 42), (63, 64, 24, 30), (64, 65, 24, 30), (88, 89, 42, 48), (88, 89, 48, 55), (62, 63, 42, 48), (62, 63, 48, 55), (89, 90, 0, 5), (89, 90, 5, 10), (89, 90, 10, 15), (89, 90, 15, 24), (89, 90, 24, 30), (89, 90, 30, 36), (88, 89, 0, 5), (88, 89, 5, 10), (88, 89, 10, 15), (88, 89, 15, 24), (88, 89, 24, 30), (88, 89, 30, 36), (90, 91, 15, 24), (90, 91, 24, 30), (90, 91, 30, 36), (90, 91, 36, 42), (90, 91, 42, 48), (90, 91, 48, 55), (92, 93, 48, 55), (92, 93, 36, 42), (92, 93, 42, 48), (95, 96, 11, 29), (95, 96, 34, 55), (92, 93, 24, 30), (92, 93, 30, 36), (50, 51, 51, 53), (51, 52, 45, 49), (50, 51, 40, 42), (53, 54, 24, 39), (54, 55, 24, 39), (53, 54, 42, 44), (53, 54, 45, 51), (53, 54, 51, 53), (51, 52, 40, 43), (51, 52, 23, 27), (44, 46, 0, 9), (43, 45, 21, 24), (43, 44, 45, 51), (43, 44, 51, 53), (41, 42, 0, 9), (42, 43, 9, 23), (43, 45, 13, 19), (37, 38, 52, 55), (42, 43, 26, 55), (41, 42, 9, 23), (41, 42, 26, 55), (40, 41, 26, 55), (39, 40, 9, 23), (40, 41, 9, 23), (39, 40, 26, 55), (38, 39, 18, 35), (37, 38, 38, 42), (32, 33, 26, 33), (32, 33, 33, 41), (32, 33, 41, 48), (32, 33, 48, 55), (33, 34, 26, 33), (33, 34, 33, 41), (33, 34, 41, 48), (33, 34, 48, 55), (30, 31, 26, 33), (30, 31, 33, 41), (30, 31, 41, 48), (30, 31, 48, 55), (31, 32, 26, 33), (31, 32, 33, 41), (31, 32, 41, 48), (31, 32, 48, 55), (28, 29, 26, 33), (28, 29, 33, 41), (28, 29, 41, 48), (28, 29, 48, 55), (29, 30, 41, 48), (29, 30, 48, 55), (29, 30, 26, 33), (29, 30, 33, 41), (25, 26, 48, 55), (26, 27, 26, 33), (26, 27, 33, 41), (26, 27, 41, 48), (26, 27, 48, 55), (27, 28, 26, 33), (27, 28, 33, 41), (27, 28, 41, 48), (27, 28, 48, 55), (10, 11, 49, 52), (10, 11, 35, 46), (10, 11, 52, 55), (23, 24, 26, 55), (24, 25, 9, 17), (24, 26, 0, 9), (24, 25, 17, 24), (25, 26, 17, 24), (24, 25, 26, 41), (24, 25, 41, 55), (11, 12, 25, 31), (11, 12, 20, 25), (12, 14, 25, 31), (12, 14, 20, 25), (8, 9, 35, 43), (9, 10, 42, 55), (9, 10, 35, 42), (11, 12, 42, 55), (11, 12, 35, 42), (10, 11, 46, 49), (17, 18, 43, 52), (12, 14, 5, 20), (18, 19, 43, 52), (18, 19, 0, 15), (18, 19, 15, 43), (12, 13, 42, 55), (13, 14, 35, 43), (13, 14, 44, 55), (14, 15, 35, 43), (14, 15, 44, 55), (29, 30, 17, 24), (21, 22, 25, 34), (19, 20, 43, 52), (19, 20, 10, 32), (20, 21, 10, 27), (21, 22, 13, 24), (21, 22, 34, 55), (25, 26, 26, 33), (25, 26, 33, 41), (25, 26, 41, 48), (19, 20, 0, 10), (21, 22, 0, 12), (23, 24, 17, 24), (23, 24, 0, 17), (25, 26, 9, 17), (26, 27, 0, 17), (26, 27, 17, 24), (0, 1, 38, 55), (6, 7, 0, 38), (7, 8, 0, 38), (5, 6, 46, 53), (6, 7, 46, 53), (6, 7, 41, 46), (4, 5, 46, 53), (29, 30, 0, 17), (53, 54, 10, 22), (51, 52, 5, 20), (32, 33, 17, 24), (33, 34, 17, 24), (30, 31, 17, 24), (31, 32, 17, 24), (30, 31, 0, 17), (39, 40, 0, 9), (43, 44, 0, 9), (59, 60, 36, 48), (59, 60, 24, 36), (60, 61, 10, 15), (58, 60, 5, 15), (58, 61, 0, 5), (58, 61, 15, 24), (60, 61, 5, 10), (61, 62, 0, 5), (61, 62, 5, 10), (61, 62, 10, 15), (61, 62, 15, 24), (58, 59, 24, 48), (58, 61, 48, 55), (60, 61, 24, 30), (60, 61, 30, 36), (60, 61, 36, 42), (60, 61, 42, 48), (61, 62, 24, 30), (61, 62, 30, 36), (94, 95, 11, 29), (94, 95, 34, 55), (87, 88, 10, 15), (91, 92, 10, 15), (87, 88, 15, 24), (91, 92, 15, 24), (92, 93, 15, 24), (61, 62, 48, 55), (91, 92, 0, 5), (87, 88, 5, 10), (91, 92, 5, 10), (91, 92, 30, 36), (87, 88, 24, 30), (87, 88, 30, 36), (91, 92, 24, 30), (90, 91, 0, 5), (90, 91, 5, 10), (90, 91, 10, 15), (87, 88, 42, 48), (61, 62, 36, 42), (61, 62, 42, 48), (91, 92, 36, 42), (91, 92, 42, 48), (89, 90, 36, 42), (89, 90, 42, 48), (63, 64, 42, 48), (88, 89, 36, 42), (63, 64, 36, 42), (87, 88, 48, 55), (91, 92, 48, 55), (54, 55, 10, 22), (43, 44, 37, 40), (43, 44, 42, 44), (43, 44, 24, 37), (43, 44, 40, 42), (43, 44, 19, 21), (43, 44, 9, 13), (46, 47, 42, 44), (46, 47, 51, 53), (46, 47, 10, 22), (46, 47, 24, 39), (50, 51, 38, 40), (50, 51, 45, 51), (51, 52, 43, 45), (47, 48, 24, 39), (46, 47, 45, 51), (49, 50, 0, 55), (50, 51, 42, 44), (52, 53, 5, 22), (47, 48, 10, 22), (51, 52, 20, 23), (50, 51, 0, 14), (50, 51, 14, 29), (51, 52, 27, 40), (50, 51, 29, 38), (37, 38, 45, 48), (37, 38, 50, 52), (37, 38, 18, 35), (37, 38, 35, 38), (37, 38, 48, 50), (37, 38, 42, 44), (32, 33, 1, 17), (33, 34, 1, 17), (31, 32, 0, 17), (35, 36, 11, 18), (35, 36, 22, 26), (35, 36, 18, 22), (35, 36, 6, 11), (15, 16, 51, 53), (15, 16, 49, 51), (15, 16, 38, 40), (15, 16, 41, 49), (28, 29, 0, 11), (28, 29, 11, 17), (27, 28, 17, 24), (27, 28, 11, 17), (27, 28, 0, 11), (28, 29, 17, 24)]

Number format by col for row 15:
  col 0: xf_index=64
  col 1: xf_index=64
  col 2: xf_index=64
  col 3: xf_index=64
  col 4: xf_index=64
  col 5: xf_index=64
  col 6: xf_index=64
  col 7: xf_index=64
  col 8: xf_index=64
  col 9: xf_index=64
  col 10: xf_index=64
  col 11: xf_index=64
  col 12: xf_index=64
  col 13: xf_index=64
  col 14: xf_index=64
  col 15: xf_index=64
  col 16: xf_index=64
  col 17: xf_index=64
  col 18: xf_index=64
  col 19: xf_index=64
  col 20: xf_index=64
  col 21: xf_index=64
  col 22: xf_index=64
  col 23: xf_index=64
  col 24: xf_index=64
  col 25: xf_index=64
  col 26: xf_index=64
  col 27: xf_index=64
  col 28: xf_index=64
  col 29: xf_index=64
  col 30: xf_index=64
  col 31: xf_index=64
  col 32: xf_index=64
  col 33: xf_index=64
  col 34: xf_index=64
  col 35: xf_index=64
  col 36: xf_index=64
  col 37: xf_index=65
  col 38: xf_index=101
  col 39: xf_index=101
  col 40: xf_index=76
  col 41: xf_index=101
  col 42: xf_index=101
  col 43: xf_index=101
  col 44: xf_index=101
  col 45: xf_index=101
  col 46: xf_index=101
  col 47: xf_index=101
  col 48: xf_index=101
  col 49: xf_index=102
  col 50: xf_index=102
  col 51: xf_index=101
  col 52: xf_index=101
  col 53: xf_index=65
  col 54: xf_index=64
